>S1_mm, Orders for mutation Results: A->CGT,C->AGT,G->ACT,T->ACG
m6A
0.0004
position mutationResults
1 G 0.0004 0.0003 0.0003
2 T 0.0005 0.0004 0.0005
3 C 0.0005 0.0006 0.0004
4 A 0.0007 0.0007 0.0006
5 C 0.0005 0.0007 0.0004
6 T 0.0005 0.0007 0.0009
7 G 0.0005 0.0006 0.0006
8 C 0.0004 0.0005 0.0005
9 T 0.0004 0.0004 0.0005
10 T 0.0004 0.0013 0.0005
11 G 0.0003 0.0004 0.0003
12 G 0.0004 0.0004 0.0006
13 C 0.0005 0.0006 0.0004
14 A 0.0009 0.0008 0.0004
15 G 0.0006 0.0007 0.0005
16 T 0.0009 0.0007 0.0008
17 A 0.0008 0.0007 0.0005
18 C 0.0007 0.0004 0.0005
19 C 0.0058 0.0113 0.0038
20 A 0.0004 0.0012 0.0006
22 A 0.0017 0.0003 0.0003
23 T 0.0004 0.0008 0.0005
24 G 0.0004 0.0005 0.0003
25 C 0.001 0.0008 0.0004
26 A 0.0007 0.0011 0.0006
27 T 0.0004 0.0003 0.0003
28 T 0.0004 0.001 0.0004
29 G 0.0005 0.0004 0.0004
30 C 0.0005 0.0005 0.0004
31 C 0.0003 0.0005 0.0003
32 C 0.0004 0.0009 0.0004
33 A 0.0005 0.0007 0.0005
34 T 0.0005 0.0006 0.0006
35 T 0.0004 0.0007 0.0004
36 T 0.0003 0.0006 0.0003
37 T 0.0004 0.0005 0.0004
38 T 0.0003 0.0005 0.0004
39 C 0.0003 0.0003 0.0003
40 C 0.0003 0.0004 0.0004
41 A 0.0005 0.0006 0.0005
